1100001111111111000000111111111111100001111111110100100111111111
11001001111111111111101111111111100100011111111101011001111111111011000111111111001100011111111101101001111111110000100111111111100010011111111101000011111111111011101111111111011100111111111110001011111111111111001111111111101110111111111111111011111111110101100111111111100010011111111100111001111111110000100111111111
11011001111111110110100111111111100010011111111100011001111111110100001111111111
1011101111111111010101011111111111010101111111111001110111111111
0100101111111111111000111111111110111011111111111111101111111111
0000001111111111100000111111111101001111111111111010111111111111110000111111111101111011111111110100101111111111010010111111111111000011111111110111101111111111
110111011111111100001101111111110011110111111111110101011111111101100101111111111111010111111111010111011111111111111011111111110011100111111111000010011111111110001001111111111001100111111111011010011111111100011001111111110101000111111111101100011111111101111001111111111101000111111111
011010011111111100001001111111111000100111111111111110111111111100110101111111110110010111111111001101011111111111010101111111110101110111111111010011011111111111111011111111111011101111111111
00001001111111111000100111111111
110010011111111101101001111111111000100111111111010110011111111110001011111111111101100111111111110100011111111111011001111111111011101111111111
100000111111111101001011111111110100101111111111100000111111111101001111111111111010111111111111110000111111111100111001111111110000100111111111
10001001111111111001100111111111011010011111111100011001111111110101000111111111101100011111111101111001111111111101000111111111011010011111111100001001111111111000100111111111111110111111111111100001111111110100100111111111110010011111111110001001111111110011000111111111010000111111111110111011111111111110100111111111110100011111111111010001111111111111000111111111
101000111111111100001011111111110000101111111111000100011111111100010001111111110001000111111111
10001011111111110001000111111111
0011001111111111001100011111111100111001111111111110100111111111000010011111111100001001111111111100100111111111100010111111111100111001111111110000100111111111010010011111111110001011111111110011100111111111100010011111111110111011111111110100111111111111
101011111111111101101111111111110110111111111111011011111111111111111011111111111111101111111111111110111111111111100001111111110100100111111111110010011111111110001001111111110011000111111111
1010001111111111111000011111111100110001111111110110100111111111010000111111111110111011111111111110100111111111110100011111111111010001111111111111000111111111101000111111111100001011111111110000101111111111
0001000111111111000100011111111100010001111111111000101111111111000100011111111100110011111111111000101111111111000010011111111110110001111111110001100111111111000010111111111110110011111111111111001111111111111100111111111101110011111111110000101111111111111001011111111101001101111111111100110111111111001101011111111100111001111111111110100111111111010110011111111101001001111111110111100111111111
01001011111111110110100111111111100010011111111100110001111111111101000111111111011110011111111110001001111111110011100111111111010110011111111110111011111111110100111111111111101011111111111101101111111111110110111111111111011011111111111111111011111111111111101111111111111110111111111110010001111111110101100111111111101100011111111100110001111111110110100111111111000010011111111110001001111111110100001111111111101110111111111110110011111111111111001111111111
01110011111111110001001111111111111100111111111110110011111111111011001111111111
0011001111111111000001011111111111110011111111111000101111111111101100111111111110001011111111110111001111111111101110111111111101001111111111111010111111111111011011111111111101101111111111110110111111111111111110111111111111111011111111111111101111111111011110011111111101010001111111111101000111111111111010011111111100001001111111111011000111111111
010000111111111110111011111111111110100111111111011110011111111110110001111111111011000111111111011000011111111101110011111111111011001111111111
1110001111111111111100111111111111110011111111111011101111111111010011111111111110101111111111110110111111111111
011011111111111101101111111111111111101111111111111110111111111111111011111111111110000111111111001100011111111101101001111111111010001111111111001100011111111100111001111111111110100111111111010110011111111101001001111111110111100111111111110011011111111100001001111111110011100111111111011110011111111111010001111111110110100111111111000010011111111110001001111111110100001111111111101110111111111100001001111111111000100111111111110010011111111101101001111111111000100111111111010110011111111110001011111111111110000111111111001100011111111111011001111111111011101111111111
1000001111111111010011111111111110101111111111110110111111111111110000111111111110110001111111110101100111111111
00110001111111110000100111111111010100011111111110110001111111110011100111111111010110011111111100110001111111111000001111111111
010011111111111110101111111111110110111111111111110000111111111101111011111111110100101111111111
010010111111111111111011111111110110111111111111
110000111111111110110001111111110101100111111111001100011111111100001001111111110101000111111111101100011111111100111001111111110101100111111111
1111101111111111
1000100111111111011110011111111101001001111111110101100111111111010000111111111100011011111111110111001111111111
1000101111111111110110011111111110111001111111110001101111111111111110111111111110110001111111110101100111111111011110011111111111001001111111111000100111111111011110011111111101001001111111110101100111111111010000111111111100011011111111110001100111111111101000011111111110001001111111110110000111111111110100011111111101001001111111111000101111111111101110011111111101010001111111110011000111111111011010011111111110001001111111110101100111111111001100011111111100110001111111111000101111111111101010011111111101111001111111111011000111111111
0001101111111111111110111111111111111011111111110101000111111111
10110001111111111100100111111111010000111111111100011011111111111110100111111111110100011111111111010001111111111111000111111111101000111111111100001011111111110000101111111111011100111111111101100011111111111011001111111111100010111111111101110011111111111001001111111111111000111111111110001011111111111111001111111111100010111111111100010011111111111110001111111111
101000111111111111100011111111111111001111111111111000111111111111110011111111110000101111111111111100011111111111101001111111110111100111111111101100011111111101001001111111110000101111111111
001100011111111100001011111111110111001111111111100010111111111111011001111111111011100111111111
00011011111111111111101111111111
111110111111111111110001111111110111100111111111
110100011111111111101001111111110100001111111111000110111111111111001001111111110110100111111111101110011111111100011011111111110000101111111111
100000111111111111111011111111110100101111111111010010111111111110000011111111110100111111111111
10101111111111110110111111111111011011111111111111000011111111110111101111111111
0100101111111111010010111111111111111011111111111100001111111111101100011111111101011001111111110011000111111111000010011111111101010001111111111011000111111111001110011111111101011001111111111111101111111111100010011111111101111001111111110100100111111111010110011111111101000011111111110001101111111111
101100111111111110001011111111111101100111111111101110011111111100011011111111111111101111111111101100011111111101011001111111110111100111111111110010011111111110001001111111110111100111111111
010010011111111101011001111111110100001111111111000110111111111111101001111111110111100111111111101100011111111110110001111111110110000111111111011100111111111110110011111111111110001111111111111100111111111111110011111111111000101111111111
11010001111111110000100111111111000010011111111111001001111111110011000111111111100010111111111110101001111111110111100111111111101100011111111100011011111111111111101111111111111110111111111101010001111111111011000111111111110010011111111101000011111111110001101111111111
111010011111111111010001111111111101000111111111
11110001111111111010001111111111
0000101111111111000010111111111101110011111111110110001111111111101100111111111110001011111111110111001111111111100100111111111111100011111111111000101111111111111100111111111110001011111111110001001111111111111000111111111110100011111111111110001111111111
11110011111111111110001111111111
111100111111111100001011111111111111000111111111
111010011111111101111001111111111011000111111111010010011111111100001011111111110011000111111111
00001011111111111011001111111111100010111111111111011001111111111011100111111111
000110111111111111111011111111111111101111111111
1111000111111111011110011111111111010001111111111110100111111111010000111111111100011011111111111100100111111111
01101001111111111011100111111111000110111111111100001011111111111000001111111111010011111111111110101111111111110110111111111111011011111111111111000011111111111011000111111111010110011111111100110001111111110000100111111111010100011111111110110001111111110011100111111111010110011111111111111011111111111000100111111111011110011111111101001001111111110101100111111111010000111111111100011011111111110011001111111111100010111111111111011001111111111011100111111111000110111111111111111011111111111011000111111111010110011111111101111001111111111100100111111111100010011111111101111001111111110100100111111111
01011001111111110100001111111111000110111111111111101001111111110111100111111111101100011111111110110001111111110110000111111111
0111001111111111101100111111111111100011111111111111001111111111111100111111111110001011111111111010100111111111101100111111111100110001111111110101100111111111100010111111111110101001111111110111100111111111101100011111111100011011111111111111101111111111111110111111111101010001111111111011000111111111
1100100111111111010000111111111100011011111111111110100111111111110100011111111111010001111111111111000111111111101000111111111100001011111111110000101111111111011100111111111101100011111111111011001111111111100010111111111101110011111111111001001111111111111000111111111110001011111111111111001111111111
10001011111111110001001111111111111000111111111110100011111111111110001111111111111100111111111111100011111111111111001111111111000010111111111111110001111111111110100111111111011110011111111110110001111111110100100111111111000010111111111100110001111111110000101111111111
001100111111111110001011111111111101100111111111
101110011111111100011011111111111111101111111111111110111111111111110001111111110111100111111111110100011111111111101001111111110100001111111111000110111111111111001001111111110110100111111111101110011111111100011011111111110000101111111111100000111111111111111011111111111111101111111111010010111111111101001011111111111000001111111111010011111111111110101111111111110110111111111111
0110111111111111010011111111111110101111111111110110111111111111111110111111111101101111111111111100001111111111101100011111111101011001111111110011000111111111000010011111111101010001111111111011000111111111001110011111111101011001111111111111101111111111
1000100111111111011110011111111101001001111111110101100111111111010000111111111100011011111111110111001111111111
1000101111111111
11011001111111111011100111111111000110111111111111111011111111111011000111111111010110011111111101111001111111111100100111111111100010011111111101111001111111110100100111111111
0101100111111111010000111111111100011011111111110001100111111111101000011111111110001001111111110110000111111111
1101000111111111010010011111111110001011111111111011100111111111010100011111111100110001111111110110100111111111100010011111111101011001111111110011000111111111001100011111111110001011111111111010100111111111011110011111111110110001111111110001101111111111111110111111111111111011111111110101000111111111
101100011111111111001001111111110100001111111111000110111111111100110001111111110000101111111111
011100111111111110001011111111111101100111111111101110011111111100011011111111111111101111111111111110111111111111110001111111110111100111111111110100011111111111101001111111110100001111111111000110111111111111001001111111110110100111111111101110011111111100011011111111110000101111111111100000111111111101001111111111111010111111111111011011111111111101101111111111111100001111111111
1011000111111111010110011111111100110001111111110000100111111111010100011111111110110001111111110011100111111111010110011111111111111011111111111000100111111111
0111100111111111010010011111111101011001111111110100001111111111000110111111111110110011111111111000101111111111110110011111111110111001111111110001101111111111111110111111111110110001111111110101100111111111
01111001111111111100100111111111100010011111111101111001111111110100100111111111
01011001111111110100001111111111000110111111111111101001111111110111100111111111101100011111111110110001111111110110000111111111011100111111111110110011111111111110001111111111
111100111111111111110011111111111000101111111111110100011111111100001001111111110000100111111111110010011111111100110001111111111000101111111111
101010011111111101111001111111111011000111111111000110111111111111111011111111111111101111111111
01010001111111111011000111111111110010011111111101000011111111110001101111111111001100011111111100001011111111111011001111111111100010111111111111011001111111111011100111111111
0001101111111111111110111111111111111011111111111111000111111111011110011111111111010001111111111110100111111111010000111111111100011011111111111100100111111111
0110100111111111101110011111111100011011111111110000101111111111100000111111111101001111111111111010111111111111011011111111111101101111111111111100001111111111101100011111111101011001111111110011000111111111000010011111111101010001111111111011000111111111
001110011111111101011001111111111111101111111111100010011111111101111001111111110100100111111111010110011111111101000011111111110001101111111111001100111111111110001011111111111101100111111111101110011111111100011011111111111111101111111111101100011111111101011001111111110111100111111111
11001001111111111000100111111111011110011111111101001001111111110101100111111111
010000111111111100011011111111111110100111111111011110011111111110110001111111111011000111111111011000011111111101110011111111111011001111111111111000111111111111110011111111111111001111111111
10001011111111111010100111111111101100111111111100110001111111110101100111111111100010111111111110101001111111110111100111111111
1011000111111111000110111111111111111011111111111111101111111111
01010001111111111011000111111111110010011111111101000011111111110001101111111111001100011111111100001011111111110011001111111111
100010111111111111011001111111111011100111111111000110111111111111111011111111111111101111111111111100011111111101111001111111111101000111111111111010011111111101000011111111110001101111111111110010011111111101101001111111111011100111111111000110111111111100001011111111111000001111111111010011111111111110101111111111110110111111111111
11000011111111110000101111111111
10110001111111110101100111111111001100011111111100001001111111110101000111111111
1011000111111111001110011111111101011001111111110011000111111111
10000011111111110100111111111111
1010111111111111011011111111111111000011111111111101100111111111010110011111111100110001111111110011100111111111101100011111111101101001111111111111000111111111110100011111111101101001111111110000100111111111
1000100111111111100000111111111101001111111111111010111111111111011011111111111101101111111111111100001111111111111100011111111110110001111111110000100111111111
11110001111111110101100111111111101100011111111111010001111111110110100111111111010110011111111100110001111111111111101111111111100100011111111101111001111111111100100111111111010100011111111101011001111111110100001111111111101110111111111101110011111111110111111111110011001000100011010101101110001110011000001110011001
101000110110000111111101101110010110111100011001000001101011010101000000111111101100111100000000111110001001010110100011100011011111000101011001100010010011100110101011011001011010011101100101110011110000000010001000000011010110001101011001
1111000101011001100010010011100110100111000011011011100101111001101111111111001110111011111111110000101111111111100000111111111101001111111111111010111111111111011011111111111101101111111111111100001111111111111100011111111110110001111111110000100111111111111100011111111101011001111111111011000111111111
11010001111111110110100111111111010110011111111100110001111111111111101111111111100100011111111101111001111111111100100111111111
01010001111111110101100111111111
01000011111111111011101111111111101100111111111101111111111100110000101101011001
0111111100111001111010110001010100000010100000011101000010011001
111100100101100100000110101101010100000011111110101111111111001110111011111111110000101111111111
1000001111111111
0100111111111111101011111111111101101111111111110110111111111111110000111111111111110001111111111011000111111111
00001001111111111111000111111111010110011111111110110001111111111101000111111111011010011111111101011001111111110011000111111111111110111111111110010001111111110111100111111111110010011111111101010001111111110101100111111111
01000011111111111011101111111111001100111111111101111111111100111111010000111001001001100000110111110010010110011110110110110001110010110001100100000110101101010100000011111110111101000011100110100011011000010111111100000000101110111111111100001011111111111000001111111111010011111111111110101111111111110110111111111111011011111111111111000011111111111111000111111111101100011111111100001001111111111111000111111111010110011111111110110001111111111101000111111111011010011111111101011001111111110011000111111111111110111111111110010001111111110111100111111111110010011111111101010001111111110101100111111111
010000111111111110111011111111111101001111111111011111111111001110000011100110011010001101100001110010110001100111101101101100011100101100011001011110000000110100001001111110011011111111110011101110111111111100001011111111111000001111111111010011111111111110101111111111110110111111111111
11000011111111110000101111111111
11011001111111110101100111111111001100011111111100111001111111111011000111111111011010011111111111110001111111111101000111111111
0110100111111111000010011111111110001001111111111000001111111111010011111111111110101111111111111100001111111111000010111111111100111001111111110000100111111111100010011111111110011001111111110110100111111111000110011111111101010001111111111011000111111111011110011111111111010001111111110110100111111111000010011111111110001001111111111000001111111111
01001111111111111010111111111111